fitness: 60407128 60407128
3000 1000
29850969
30213082
30238022
30198982
30247218
30214901
29832205
30491098
30004133
30271734
30651658
30631768
30672138
31108188
31116504
31307200
31308316
31366690
30796149
30780573
30852632
30794232
31233720
31423006
31703858
31424912
30848862
31625088
31334968
31827218
31808608
31817904
31934416
32166992
32392902
32347897
32461112
32617076
32364388
32777908
32816128
31925003
33108784
33131564
33168524
33004303
32869564
33442402
33342538
33776282
33771866
34117658
33925508
33886869
34135770
34565550
34888614
34611524
34957826
35322306
35069096
35323010
35725006
35760016
35786614
35741309
35091881
35053341
35789750
35644741
35412270
35280790
35674253
35807710
35882286
35622797
35599705
35519989
35257786
35525393
35537509
35726566
36339158
36104956
35881625
36196329
36225814
35925394
35900912
36576860
36121723
36200251
36515740
36793820
36786068
36347740
36868715
36877031
37011227
36990619
36723331
36530833
37044057
36869637
36767428
37110057
37402259
37557029
37439681
38033435
38260827
38539127
38431482
38577347
38536566
38951539
38517873
38987539
39224058
39150668
39509434
39197586
39549680
38923119
39107423
38706195
39563064
38815910
38914910
39387155
39844778
39099093
39816078
40319086
39890106
40226630
40398061
40591067
40294647
40450417
40596105
40631145
40658469
40473069
40761077
40685981
40693572
40682141
40760967
41216295
41216295
41231235
40353362
41360547
41360547
41235789
41442609
41480751
40883204
40675549
41032346
40979867
41306811
41121466
41272626
41367089
41428717
41738985
41516721
41076065
42008087
41627918
41859287
42032583
42072041
42335915
42274235
42041710
41551105
42201822
42185570
41878849
42319283
41863446
41532737
41601735
41750070
42050354
41753385
42154559
42377319
41980046
42831399
42687879
42862431
43142387
42323823
43304927
42411082
43311175
43255749
43310603
43310603
43313683
43540863
43179777
43048760
43151488
43586763
43807163
43650923
43050425
43853601
43038791
43462985
43802976
43283977
43874193
43491075
43874871
42997326
43303110
43303459
43202014
43398746
43870315
44260791
44015843
43846113
44646331
44645707
44655131
44219202
44624177
45145149
45222837
45362677
45670123
45449346
45190791
45667467
45636238
45653131
45260862
45699883
45696411
45029191
45127638
45699531
45713047
45716179
45688339
45618025
44911817
45719619
45719529
45791601
45303257
45974213
45974345
45924425
45618017
45173182
45948585
46015749
45658456
45933413
45979909
45908953
46011943
46017653
45348337
46017829
46145203
46116403
46120626
45780441
45716407
46102023
45817419
46145203
46148239
46152319
45828607
46037113
46156115
46199873
46182801
46200145
46651477
46127281
46233540
46438388
46409121
46787897
46915777
47120856
46868698
46289483
46312555
46738117
47100272
47064616
47134296
46785503
47256374
47014408
47251848
47256356
47298372
47667144
48055744
48072376
47478734
47477886
47532902
47536647
47837176
47635992
47976022
47688350
48127662
47676065
48102722
48106410
48460518
48461184
48460130
47971294
48421938
48462002
48459230
48466130
48459788
48466174
48466450
48466386
48466450
48436366
48451626
48750082
48709650
48757736
48736874
48682856
48377780
48796700
48798416
48740876
48138406
48847946
48123144
48530408
48524234
48839344
48284617
48811140
48845401
48521841
48733664
48848014
48790096
48906526
48906240
48906460
48907472
48786704
48974882
48920704
48949794
49331177
49331389
49330705
49391879
49559319
49599567
49609071
49069597
49614297
49107289
49184640
49100369
49571397
49190990
49172848
48813076
49145244
49144304
49665417
49632123
49665461
49665417
49266290
49891327
49886911
49879799
49891361
49918961
49847617
49912757
49919093
49305841
49065987
49876219
49120723
49925705
49485756
50034955
50014725
49981635
50033371
49717824
49802723
50034955
50035669
50040465
49628618
49568261
50037521
49676726
49926845
49959657
50037809
49598670
50036453
49562565
50030257
49616553
49609709
50046825
49561994
50044207
50046525
49881054
49996743
50046913
49336217
49366529
50044249
50050741
50492781
50186310
50492529
49838076
50493069
50492955
50481935
50488739
49984905
49782259
50368641
50500395
50495515
50500659
50499903
50179703
50389593
50010153
50487635
50302299
50499945
50441300
50409607
50479569
50500461
50025510
50381163
50499903
50401424
49836731
50499859
50038653
50499391
50495305
49793042
50349622
50500049
50799841
50859781
50374950
50485904
50858471
50484506
50848877
50451726
50860539
50266897
50811901
50855019
50863411
50374830
50889675
50399169
50205025
50835007
50744971
50912097
50912029
50916913
50910643
50917105
50916973
50895883
50314706
50917149
50917977
50359341
50917977
50450189
50897203
50112376
50919187
50885535
50919187
50550426
50919297
50919909
50919261
51078699
50617308
51018209
51072995
51067659
51079089
50366263
50689593
50713743
51063009
51079449
50890730
50355760
50715049
51063389
51055917
51066719
51079497
51404947
50884654
51242547
51404627
51407619
51345879
51420219
51392403
51441891
50855802
51315395
50984739
51375427
51929315
51463946
51917823
51959859
51960343
51948163
51171906
51936781
51959345
51475942
51962321
51563373
51602297
51964475
51960835
51416202
51568846
51908955
51521139
51957185
51158874
51594690
51274950
51964403
51932301
51959803
51962227
51902251
51963875
51965635
51941935
51965707
51454889
51524710
51964097
51965267
51908867
51952415
51965051
51971827
51971911
51734727
51862561
51972807
51971399
51267299
51969291
51971291
51975611
51955411
51874419
51558268
51557569
51569752
51975633
51901041
51486689
51962333
51617144
51962037
51975611
51620710
51848349
51497707
52033425
51942305
52027507
52028563
52033579
52033255
52057375
52359595
52308999
51875966
52359595
52349585
52019695
51741178
52359399
52359421
52330781
51534035
52345357
52359629
52359521
51686840
52360081
52284577
51730904
52312341
52358009
51921852
52360147
52360081
52354747
51768982
51881517
52356239
52359769
52286089
52161113
52324409
51993681
52347457
52278369
52644576
52634524
52275952
52134505
52569692
52632186
52116512
52583592
52644576
52644494
52641218
52114142
52351434
52636896
52151374
52641434
52599254
52644286
52632526
52571022
52643950
52640314
52644800
52636880
52644074
52645402
52645270
52646634
52646130
52173071
52639138
52641070
52641090
52290309
52300169
52646240
52598696
52643248
52260154
52293359
52646516
52595456
52604782
52006608
52646516
52646538
52259441
52595110
52646538
52625290
51951178
52183301
52163978
52408329
52631490
52574332
52559906
52643514
52063269
52645278
52646572
52642696
52643580
52646572
52603822
52244915
52239444
52646572
52645450
52674574
52184068
51907914
52673210
52672374
52674574
52674926
52586612
52676492
52676470
52672378
52676402
52631562
52675960
52675036
52160251
52675120
52675872
52676920
52676900
52496015
52675492
52531236
52274966
52662232
52159136
52663036
52676988
52198202
52190252
51896986
52676922
52667162
52664682
52656822
52352050
52669730
52528746
52145837
52635426
52678392
52260383
52530216
52182632
52670792
52672980
52392576
52678040
52087293
52204497
52674744
52669012
52633904
52678062
52304702
52678524
52565502
52638412
52651434
52678436
52678086
53142536
52655586
53152456
53146684
53152826
53142566
53146754
53153684
52599108
53142836
53101434
52687865
52635103
52671784
53140244
53153650
53145342
53152754
53148414
53153482
53184898
52602762
52515818
53184898
53184788
53060410
53108094
53184930
53184090
53186664
53186224
53179844
53161434
53170948
53186224
53184090
53185540
53186642
53186576
52626697
52829775
52561095
53175832
53186576
53140976
53186236
52728113
52569455
53185268
52974512
53185334
53196248
53215468
53211464
53584300
53568558
53065271
53590186
53590208
53579288
53208935
53564048
53590210
53573494
53591630
53574998
53155396
53589650
53109022
53588286
53179531
53589670
53584070
53591454
53591346
53577714
53585154
53590662
53514016
53092439
53591414
53589204
53588314
53591414
53591458
53591408
53591458
53267692
53589698
53589742
53578394
53588146
53584834
53592808
53480918
53199819
53592456
53595528
53595460
53602452
53602408
53602356
53217160
53598648
52965110
53597296
53537604
53088323
53525136
53599548
53601672
53260613
53602400
53564552
53539792
53592200
53602076
53575116
53617040
53616978
53185733
53602106
53608578
53615006
53617022
53225545
53613018
53617154
53616902
53610258
53615824
53081342
53031899
53590326
53385742
53673724
53654932
53673680
53684228
53687660
53681740
53612240
53678460
53687242
52823816
53681242
53673346
53687550
53290213
53074298
53615958
53687622
53692758
53643078
53697330
53691350
53697330
53697726
53697374
53697380
53695556
53654372
53351995
53201092
53695658
53685098
53648996
53695284
53125760
53695284
53695284
53688558
53613864
53109548
53257469
53695572
53287228
53686662
53695578
53668980
53642668
53695644
53235135
53671044
53681584
53695566
53204426
53695456
53687518
53695660
53695830
53669496
53695830
53695660
53701078
53681058
53701034
53701210
53389281
53701012
53700988
53700924
53686408
53692202
53682236
53626542
53629524
53700924
53700946
53688856
53690038
53244700
53239085
53626978
53361234
53688774
53699730
53637466
53700990
53698230
52931902
53700990
53694510
53361950
53688920
53212046
53224841
53658618
53655390
53690482
53694606
53693190
53697932
53704014
53704146
53651946
53704120
53695980
53588880
53697238
53704290
53258945
53704598
53216757
53685750
53704334
53668580
53255683
53697118
53263601
53696200
53629178
53241838
53283913
53274331
53699906
53775446
53768984
53557689
53767598
53652166
53770262
53374958
53772806
53326497
53775138
53762034
53384317
53425692
53770068
53775186
53762810
53285366
53686176
53637648
53002336
53773186
53293345
53721866
53773526
53775164
53761724
53775164
53718348
52984299
53775128
53759476
53768668
53772928
53261539
53704602
53774996
53314487
53405786
53761392
53775062
53775370
53694056
53752864
53396295
53394169
53775436
53768650
53774288
53406226
53766512
53732380
53749378
53770988
53775652
53337487
53774732
53721408
53603972
53592742
53303231
53775476
53412739
53767076
53773926
53648456
53759944
53775442
53656578
53769442
53704594
53007881
53659808
53314094
53923630
53562294
53923542
53920814
53935422
53914758
53900006
53945262
53590958
53934426
53430332
53496313
53934084
53992002
53984442
53932482
53992002
53992200
53437391
53470974
53614902
53938146
53992222
53992024
53419700
53991232
53991188
53992222
53997556
53997644
53971568
53957504
53991116
53997534
53995878
53657822
53997644
53997608
53522243
53883038
53921226
53229935
53423119
53955188
53997498
53996574
53987194
53997520
53654091
53997234
53871244
53995234
53997090
53997018
53985960
53490740
53992158
53997052
53494380
53953022
53997052
53526726
53996744
53489404
53981302
53996950
54085872
54085872
53544935
54050492
54085170
54085178
54085442
53591541
53865448
54081362
53714881
53816613
53587318
54085554
54085554
54085518
54064302
53716534
54085804
53592684
53662497
53730991
54085720
54086204
54086192
54086306
54065142
54086240
53726531
54086232
53919826
53652413
54085960
53885036
53794824
53817375
53688820
53568056
54021272
54086232
53609510
54059634
54085260
54086232
54085616
53647387
53258991
54085616
54082420
54085514
54084018
54060836
53595694
53909257
53523414
54064744
54085582
53578996
54085566
53455702
54535752
54536004
54528282
53964242
53825554
54506934
54488528
54544408
54544188
54543748
54487972
54544496
54544276
54544342
54544276
54542676
54544276
54418286
54541148
54494996
54544004
54540766
54539722
54543700
54524228
54180667
54516542
54020308
54146121
54544310
54081550
54372630
54543868
54544376
53701974
54544352
54447072
54544220
54543268
54544016
54047140
54517490
54378184
55013354
55013354
54713533
55013366
54652750
54989878
55013432
55013432
55008336
54545332
54984664
54566577
54561056
54932012
55013498
55013454
54519696
55013202
55013556
54219682
54615247
54944214
55013556
54914396
54557310
54564641
55008222
54397711
54505287
54970084
54519798
54564641
54990068
54999002
54422840
55012910
55013534
54540238
55015604
55014768
54994480
54531472
54999412
54890746
54775682
55014790
55014766
55015706
54971252
55015718
55015586
54559317
54893742
55015718
55015716
54538967
54699671
54999876
54217082
54978276
55016200
55013800
54999436
54957100
55016068
55015018
54545742
54892046
55006688
55016200
54990370
54663319
54243350
54777114
55005180
55015144
54647911
55016220
55016280
55016324
54982732
55016302
55015294
55016294
55013670
55016052
55015590
55015902
54488406
55016360
55016280
54530622
54557228
54716399
54210679
54981912
55014418
54461471
54613463
55014152
54551679
55014124
55016280
54967000
54557478
55015972
55015224
54916142
55016102
54590185
54906640
54532313
54463288
54930962
54544396
54390621
55016068
54520302
54993004
55002292
55016376
54927366
55015696
54958500
55016370
54568313
55016370
55017074
55017074
54578630
54988274
54534625
54512674
55016942
55016862
54974820
54614941
55000890
55016686
54937682
55016658
55015046
55016614
55013894
54651188
54628119
55016654
55014418
54530518
54968354
55013934
55016534
54658140
55015004
55016038
54467482
55016738
54730278
54955950
54640198
54218104
55016914
54925982
55004402
55016870
55016870
54944688
55016870
54276061
55016296
54560624
55014494
55017326
55012300
54961886
54960362
55017304
54717423
54511125
55017348
55016380
55011636
55014628
55017304
54997020
54936170
55017348
54909742
54970038
55012668
54953256
54673076
55006094
55016430
54965478
54934744
54936214
55017304
55017260
55017272
54564896
54244422
55016120
55017316
54196691
54614343
55000552
55017316
54233492
54568367
54572067
55017272
55017102
54942410
55017108
54984504
55017016
55017108
54538967
54963338
55014388
55017108
54985188
55017094
54639004
55016050
55017094
54946984
54997830
55017094
54937300
54966710
55017094
55016050
54953254
54453276
54992698
54306644
55016280
55014470
55010032
54950840
55017144
54661507
55017144
54991692
55016418
54970278
54557858
54458088
54544151
55015212
54533355
55017104
55015300
55016972
55017116
55017248
55014728
54427272
55016228
54554227
54938756
54672976
55005964
54952928
54994394
54525760
55017248
55017292
54539151
54500372
54664879
54502591
55017292
54664411
55017292
55003540
55020356
54508174
54542644
54557596
54895972
54502075
55020428
55020384
55014864
55020300
54963922
55020384
54983028
54756188
54436085
54953984
55020384
55002204
54663023
55020428
55015640
54964676
55020384
55020344
55020384
55020452
54622297
54990052
55006092
54999552
55020234
55013600
54618545
55001566
55020278
55016690
54575293
55020278
54570429
55011568
54547753
55020206
54420324
54934022
55017494
55020308
55020344
55020960
54636104
55020960
55018222
55020520
54436661
54622559
54599977
55020960
55021016
55021016
55021016
54899664
55020216
54749036
54652811
54942446
55000246
54469156
54938800
55024128
55022742
54233263
55024114
54582269
55018658
54911016
54935564
54966844
55016864
54961714
55023634
54540539
54524394
54197489
54908486
54580696
55024070
54471256
55023620
55021750
54730618
55023480
55020276
55023504
55021892
55023316
54426014
54490649
54662768
54477082
55023508
54900198
55023648
54527132
54586484
54501719
55023648
55024168
54631044
55021900
55023408
55025296
54910308
55024328
55022672
54286871
55008532
54544599
54993132
55024614
55025352
54452393
55024076
55025352
54738892
55025352
54982386
55024434
55025110
55009732
54778286
55025348
54566660
54580683
55025370
55025348
54531579
54970244
55025472
54660396
55026424
55026408
55021328
55026998
55025722
54932756
55025958
55025782
54559284
54967478
55026976
55027042
54941902
55030632
54965268
54934432
54581683
55030588
54937378
55022844
55029472
55030622
55030624
55013816
54902314
55030264
54548783
55032634
54964804
54632709
55031964
54603513
55032502
55006402
55032612
54682808
55001020
55031620
55032634
54990820
55032612
54983178
55031908
54979284
55014984
55032678
54583729
54674657
54477869
55032612
55032726
54552029
54760610
54935190
54962006
55025334
55023222
54365509
55022006
55031548
54963338
55024696
55010462
55031536
55025838
55032618
54987168
54956178
55002108
54227017
55027596
54967098
55031338
54738698
55032078
54293653
54591839
54975630
55031024
54952538
55032492
54990678
54675131
54522280
55032464
55050832
55075366
54620145
55072374
55025734
54611502
54637551
54686192
54469647
54280713
55021606
55075366
55075378
54649461
55073904
55071778
55074770
55065494
54666570
54711777
54989194
55066486
55009858
55075534
55075600
54836504
54811683
55011172
55075628
55074602
55084582
55084574
55065726
55079380
55084574
54540164
55019872
55058924
54491908
55015582
55084490
55081684
54602649
55021610
54957890
55084488
55083396
54966360
55083320
54532628
55084488
54962938
54718672
54563819
55084488
54382048
55084458
55084424
54609511
55084496
55035304
55012434
54960072
55081776
54533260
55029824
55063776
54784675
55079400
55083022
54663295
54964448
55084244
55082408
55073660
55084200
54761128
55083636
55083636
55083636
54709434
55031238
54998200
55083636
55096418
55066850
55094944
55088638
55020198
54570737
55096374
54644178
55096464
55000230
55050924
54964474
55023874
55097004
55093416
54578360
55094380
54632683
55064604
55142280
55139738
55134900
55141740
54706019
54701429
55152146
55645586
55645594
55235375
55642778
55642234
55642234
55148418
55645846
55593366
55160226
55591174
55580986
55645692
55262347
55196743
55641024
55645602
55545282
55232114
55598314
55220283
55645330
55645602
55645756
55645404
55220500
55631508
55645380
55645360
55140340
55154535
55645292
55643774
55641824
55664444
55663388
55219779
55351562
55117610
55057448
55220535
55238084
55620554
55610674
55224205
55641740
55664598
55664734
55663282
55150995
55663366
55665166
55665198
55090877
55665074
55665188
55665166
55664660
55664228
55665166
55665122
55565750
55255326
55281777
55665210
55168957
55665282
55185479
55665282
55665282
55528284
55160569
55661262
55017697
55262361
55607948
55665194
55614934
55580018
55665380
55278999
55665402
55541188
55605426
55651278
55637010
55615594
55628552
55058406
55665394
55665406
55665186
55646470
55653944
55665446
55668068
55622088
55653724
55245764
55660082
55668070
55293868
55622530
55668046
55419142
55667892
55606472
55664928
55668046
55172322
55667722
55202313
55667572
55586620
55660266
55603006
55585700
55665230
55302358
55242727
55247162
55635910
55643294
55429013
55667990
55598856
55600366
55667376
55591566
55668044
55656820
55328768
55177579
55662374
55667956
55616402
55667736
55667208
55667732
55666490
55668018
55630050
55626810
55651738
55140077
55665894
55667886
55660402
55658898
55575906
55611048
55172937
55309545
55667910
55638430
55667812
55129844
55663158
55650150
55636050
55667844
55667874
55654850
55656650
55665830
55666356
55667986
55587696
55311383
55668052
55304398
55666414
55650320
55668072
55454628
55159967
55666788
55530216
55668076
55560076
55104979
55308132
55671310
55671262
55671262
55677814
55596334
55138770
55675570
55675008
55674590
55677124
55674226
55674590
55671962
55662990
55560382
55677792
55648632
55271618
55625214
55220873
55676274
55677884
55085939
55199192
55595956
55677868
55677866
55677910
55677910
55665854
55677866
55659650
55237555
55312178
55664878
55677316
55677910
55677910
55177773
55274816
55676392
55677650
55677920
55677632
55145128
55678580
55599020
55074616
55647710
55140836
55657638
55616162
55182856
55067760
55637456
55315471
55538180
55213979
55543910
55650188
55678580
55678580
55677920
55429826
55579208
55275516
55633040
55678606
55678214
55070026
55678606
55160270
55617598
55613286
55612254
55677790
55676010
55666748
55082257
55278480
55659862
55677946
55181430
55316613
55612486
55678618
55199350
55678118
55213569
55193792
55678552
55678618
55632620
55649498
55151966
55124837
55678394
55072657
55677958
55660858
55631330
55658934
55268822
55307269
55543210
55668682
55339342
55675858
55669238
55220348
55101790
55634398
55712134
55199236
55698976
55671010
55712134
55351737
55708804
55689518
55711386
55224349
55708934
55670092
55222758
55708666
55712278
55267482
55704534
55712062
55712108
55704368
55311982
55303300
55692296
55608680
55098551
55712108
55712132
55709888
55248443
55708908
55610444
55106855
55198543
55712044
55712044
55213944
55712044
55602910
55711876
55711516
55297951
55712044
55712184
55393743
55712080
55701164
55699094
55609284
55695492
55676904
55711878
55711394
55644580
55254165
55708368
55148781
55711504
55711546
55711572
55711774
55711724
55652924
55711878
55642232
55711130
55704074
55711134
55633614
55692214
55259025
55634068
55711178
55589458
55322782
55652210
55221606
55701638
55662078
55710786
55690974
55709180
55297873
55710786
55710346
55710660
55111005
55303490
55628506
55710778
55252090
55711138
55711006
55575730
55711160
55319617
55711148
55593488
55711016
55710598
55710664
55708244
55710946
55710632
55710946
55710962
55601264
55697974
55709898
55349153
55258017
55685876
55710962
55710350
55221586
55711404
55230543
55712416
55711734
55274240
55287302
55641368
55709088
55323204
55312290
55680116
55656058
55215066
55712304
55260315
55712282
55540215
55570224
55365828
55712324
55709100
55711400
55223372
55219200
55247275
55701604
55709678
55712334
55712224
55712374
55710166
55632086
55239999
55712276
54937148
55265420
55707006
55351977
54906773
55712358
55711878
55698946
55712326
55703734
55702066
55691866
55686162
55415161
55712326
55712362
55602382
55710250
55711460
55712356
55698580
55710520
55096831
55317095
55712356
55639192
55290052
55712356
55709210
55667466
55650936
55712348
55508409
55700308
55344071
55685788
55677548
55576688
55226764
55385093
55711028
55627868
55633664
55309375
55712282
55709136
54921417
55704002
55352290
55218894
55651028
55224461
55712282
55697806
55668392
56179034
56178814
55675733
56153948
56139230
56175524
56179016
56179082
56059448
56168498
56158742
55787038
56102390
56177762
56178246
55706753
55653662
56178834
56178812
56180360
56174936
56180316
56179480
56180028
56179228
56170564
56180272
55796927
56180316
56180316
56179040
56180298
55575021
55804817
56177136
55687498
56129632
55695472
56180300
55712003
56047130
56180296
56180160
55819021
56177590
56180406
56177270
56119584
56111956
56180406
55695580
55810178
56180428
56152288
55802250
55665583
56180252
56180204
55810304
56180176
56179088
56168738
56119216
56192410
56186186
56119754
56191306
56189290
55745785
56192000
55831135
56174266
56126170
56170842
56192586
56192538
55957259
56184310
55955430
56192466
56133586
56185410
56190354
56192542
56192590
56192540
55704699
55686995
56184620
56123060
56192550
55685020
56119962
56192502
56131082
56192480
55811206
56192502
56192150
55870066
56192458
56192464
55702120
56192452
55740463
56192496
56192604
55935732
56192516
56192066
56189788
56183156
56192628
56182740
56192628
55834234
56192496
55764680
55740507
56192694
56149914
56192718
56192730
55722204
56192714
56164244
55404277
56146202
56169738
55935842
56191834
56191622
56192714
56191834
56192648
55350312
56192648
56192648
56192522
56182248
56142088
56133462
56150918
56192648
55748739
56192648
55783840
55443110
56192648
56112046
56192654
56192656
56126176
56192656
56192656
55703792
56191578
56192656
56140406
55783848
55731247
56170732
56186584
55672460
56169206
56192032
55834635
56192656
56124206
55789735
56192722
55734034
56192890
55690409
55432525
56081350
56192666
56180474
55703802
56169754
56132356
56190686
56056136
55748757
55789572
56192600
56113856
56167800
56192600
56185842
55811144
56190988
56191840
55704089
56167148
55726169
56174216
56192600
56193590
56186264
55749137
56176794
56193324
56191754
56191830
55721169
56193586
56193652
55936780
56193674
56193618
56192058
56189926
56058838
55833221
56192526
56192562
56193596
56123240
56188772
55830007
56193614
56193614
55830073
55796396
56117918
56154512
56193610
56193610
56193544
56119624
55773008
56191960
55669340
56139046
56193550
55879018
56172830
56185934
56190448
55717786
55832275
56192174
55837141
56193544
55734856
55804408
56193514
56191786
56193558
55796817
56193602
56174918
56193590
56193540
55351138
56165538
56193302
56192476
56156020
56193540
56179108
56183604
56193496
56193452
55602268
55717732
56193504
56191904
56193528
56184904
55626059
56193572
56132444
56185700
56191820
56193484
55671291
56185652
56159204
56191108
56168932
56193396
55812208
56189428
55879040
56193576
56193466
55721051
56190804
55767586
56193566
56123678
56192600
55790166
56175278
56193598
55798341
55379268
56192038
55768279
56147368
55667466
56193646
56182362
55833253
56174978
55687044
56193602
56081138
56193646
56191534
55675210
56193630
55700686
56193608
56060042
56181656
55690307
56193602
56193580
56124722
56117136
56190254
56183774
55732921
56193382
56118910
56186822
55654688
56174402
56193602
55807598
56185922
56190830
55794654
56158322
55756497
56193602
56193514
56191568
56198314
55669686
56198266
56173514
56198000
55811996
56196062
56147332
56136188
56151770
56196440
56179332
55437635
56149550
55935988
56193332
55836015
56120720
56186716
55706336
55879882
55753547
55865887
56198030
56190974
56129580
56062990
56144108
56074586
56192630
56202470
55695865
56147324
56202536
56202546
56202590
56169326
55395748
56201696
56154178
56202480
56099898
55831091
55917308
56202546
56202504
56202546
56200872
56185694
56201050
56202546
56195490
55702826
56202568
56080096
55800688
55709448
56202590
55824346
55689598
55726286
56202510
55917338
55755556
55710328
56195030
56186970
56125454
56181006
56168046
56202510
56202510
56202468
56197012
55721914
56063108
56202446
56202446
56201324
56202474
56184330
56144646
56070362
56202496
56202762
56194710
55799789
56203434
56202754
55808177
56203390
56130006
55803641
56203412
56193692
56200250
56171192
56202154
56203406
56090566
56203384
56173304
56194984
56203394
56203438
56200006
56202146
55808181
56192718
56064078
56203416
56203408
55719643
56158768
56203386
56122222
56203430
55803637
56203386
56203416
55700991
56203416
56203416
55805192
56200502
56203416
56148240
56192928
55815780
56203416
56203416
56190428
56203360
56143050
56203360
56203360
56153618
55756406
55810278
56119136
55843350
56203360
55719595
56203094
55794425
55691938
55829530
56188540
56203868
55715823
56190880
56145766
56157148
56193038
56137404
56144512
55735067
56203868
56202020
55963467
56202488
56203880
55766775
56200412
56194340
56203880
56200412
56196440
56203880
56203880
56203880
56203548
56202816
55841887
55849819
55829122
56203856
56071744
56203852
56203830
55792941
56152790
56169304
55794421
56189276
56203852
56163652
56199330
56159416
56203654
56203860
56204026
56199358
56202682
56204030
55844032
56131610
56174294
56196550
56149550
55784788
56197478
56175302
55829828
55787221
56204008
56187958
55677356
56204080
56168996
55950036
56202452
56204116
56204116
55682392
56123086
56204106
56171886
56200596
56181042
56188602
55431256
56204082
56133942
56174602
55794673
56201352
55774573
55705832
56190294
56204042
56159744
55884670
56079302
56202810
55789946
56169266
56204042
56204122
56204092
56204114
55774605
56190182
55742705
56204092
56204068
55692110
56197174
56204064
56203344
56204020
55725591
56151904
56204042
56200350
56146528
56130192
56204098
56131522
55884726
55950054
56199310
56203300
56195206
56190238
56187334
55816458
56194506
56201986
30542712
31014780
31482104
31949672
32403356
32859442
33356994
33791610
34287520
34722628
35165832
35647782
36100542
36587966
37065924
37508658
37967508
38417428
38821248
39237318
39713478
40118520
40491040
40952938
41423628
41795490
42240650
42683268
43128748
43540270
44002348
44424016
44894356
45342416
45774416
46081744
46522756
46990624
47392620
47730300
48069052
48444166
48798690
49065394
49362418
49670050
50041346
50448666
50732298
51134076
51453858
51731828
52180232
52480392
52758280
53040962
53437102
53569870
53869708
54100536
54267816
54476916
54642516
54865648
55128260
55311110
55393772
55660324
55801542
55995780
56235192
56307108
56570300
56780060
56861120
56967938
57177150
57262920
57474120
57550680
57658060
57735760
57836308
57894774
57955702
58011150
58064966
58210326
58320336
58535978
58582730
58642580
58685612
58728556
58771192
58805284
58838638
58912054
58933812
58942992
58958534
59023654
59026114
59035006
59039598
59052864
59074224
59151554
59573620
59577852
59591192
59609146
59636254
59637804
59639442
59640762
59647142
59649782
59963962
59966162
59967422
59968982
59971738
59975522
59986456
59992004
60029414
60030110
60041996
60043074
60044998
60080462
60081218
60081614
60081874
60084050
60085000
60087360
60091942
60094984
60101434
60101716
60102140
60102680
60103742
60104446
60105172
60105424
60106384
60109690
60110674
60111774
60112458
60112688
60117968
60118034
60118122
60118188
60119644
60120032
60120072
60120578
60120914
60140570
60140772
60140808
60140920
60141050
60141430
60141886
60142162
60142610
60142698
60170672
60180856
60180924
60229842
60229954
60229986
60230082
60231322
60231336
60231472
60231824
60231938
60232414
60232506
60232528
60232864
60232870
60232874
60233066
60233066
60233066
60233118
60233118
60233122
60233122
60233122
60233122
60233122
60233136
60233136
60233136
60233376
60233376
60233376
60233376
60234624
60235144
60235144
60235144
60235144
60237252
60237256
60237256
60237256
60237256
60237288
60237288
60237288
60237288
60237288
60237288
60237288
60237288
60237288
60237288
60237288
60237288
60237288
60237288
60237288
60237288
60237288
60237288
60237288
60237288
60237288
60237288
60237288
60237288
60237288
60237288
60237288
60237288
60237288
60237288
60237288
60237288
60237288
60237288
60237288
60237288
60237288
60237288
60237288
60237288
60237288
60237288
60237288
60237288
60237288
60237292
60237292
60237292
60237292
60237292
60237292
60237292
60237292
60237292
60237300
60237304
60237334
60237334
60237340
60237340
60237340
60237340
60237340
60237340
60237340
60237340
60237340
60237340
60237340
60237340
60237340
60237340
60237340
60237340
60237340
60237340
60237340
60237340
60237340
60237340
60237340
60237340
60237340
60237340
60237340
60237340
60237340
60237340
60237340
60237340
60237340
60237340
60237340
60237340
60237340
60237340
60237340
60237340
60237340
60237340
60237340
60237340
60237340
60237340
60237340
60237340
60237340
60237340
60237340
60237340
60237340
60237340
60237340
60237340
60237340
60237340
60237340
60237340
60237340
60237340
60237340
60237340
60237340
60237340
60237340
60237340
60237340
60237340
60237340
60237340
60237340
60237340
60237340
60237340
60237340
60237340
60237340
60237340
60237340
60237340
60237340
60237340
60237340
60237340
60237340
60237340
60237340
60237340
60237340
60237340
60237340
60237340
60237340
60237340
60237340
60237340
60237340
60237340
60237340
60237340
60237340
60237340
60237340
60237340
60237340
60237340
60237340
60237340
60237340
60237340
60237340
60237340
60237340
60237340
60237340
60237340
60237340
60237340
60237340
60237340
60237340
60237340
60237340
60237340
60237340
60237340
60237340
60237340
60237340
60237340
60237340
60237340
60237340
60237340
60237340
60237340
60237340
60237340
60237340
60237340
60237340
60237340
60237340
60237340
60237340
60237340
60237340
60237340
60237340
60237340
60237340
60237340
60237340
60237340
60237340
60237340
60237340
60237340
60237340
60237340
60237340
60237340
60237340
60237340
60237340
60237340
60237340
60237340
60237340
60237340
60237340
60237340
60237340
60237340
60237340
60237340
60237340
60237340
60237340
60237340
60237340
60237340
60237340
60237340
60237340
60237340
60237340
60237340
60237340
60237340
60237340
60237340
60237340
60237340
60237340
60237340
60237340
60237340
60237340
60237340
60237340
60237340
60237340
60237340
60237340
60237340
60237340
60237340
60237340
60237340
60237340
60237340
60237340
60237340
60237340
60237340
60237340
60237340
60237340
60237340
60237340
60237340
60237340
60237340
60237340
60237340
60237340
60237340
60237340
60237340
60237340
60237340
60237340
60237340
60237340
60237340
60237340
60237340
60237340
60237340
60237340
60237340
60237340
60237340
60237340
60237340
60237340
60237340
60237340
60237340
60237340
60237340
60237340
60237340
60237340
60237340
60237340
60237340
60237340
60237340
60237340
60237340
60237340
60237340
60237340
60237340
60237340
60237340
60237340
60237340
60237340
60237340
60237340
60237340
60237340
60237340
60237340
60237340
60237340
60237340
60237340
60237340
60237340
60237340
60237340
60237340
60237340
60237340
60237340
60237340
60237340
60237340
60237340
60237340
60237340
60237340
60237340
60237340
60237340
60237340
60237340
60237340
60237340
60237340
60237340
60237340
60237340
60237340
60237340
60237340
60237340
60237340
60237340
60237340
60237340
60237340
60237340
60237340
60237340
60237340
60237340
60237340
60237340
60237340
60237340
60237340
60237340
60237340
60237340
60237340
60237340
60237340
60237340
60237340
60237340
60237340
60237340
60237340
60237340
60237340
60237340
60237340
60237340
60237340
60237340
60237340
60237340
60237340
60237340
60237340
60237340
60237340
60237340
60237340
60237340
60237340
60237340
60237340
60237340
60237340
60237340
60237340
60237340
60237340
60237340
60237340
60237340
60237340
60237340
60237340
60237340
60237340
60237340
60237340
60237340
60237340
60237340
60237340
60237340
60237340
60237340
60237340
60237340
60237340
60237340
60237340
60237340
60237340
60237340
60237340
60237340
60237340
60237340
60237340
60237340
60237340
60237340
60237340
60237340
60237340
60237340
60237340
60237340
60237340
60237340
60237340
60237340
60237340
60237340
60237340
60237340
60237340
60237340
60237340
60237340
60237340
60237340
60237340
60237340
60237340
60237340
60237340
60237340
60237340
60237340
60237340
60237340
60237340
60237340
60237340
60237340
60237340
60237340
60237340
60237340
60237340
60237340
60237340
60237340
60237340
60237340
60237340
60237340
60237340
60237340
60237340
60237340
60237340
60237340
60237340
60237340
60237340
60237340
60237340
60237340
60237340
60237340
60237340
60237340
60237340
60237340
60237340
60237340
60237340
60237340
60237340
60237340
60237340
60237340
60237340
60237340
60237340
60237340
60237340
60237340
60237340
60237340
60237340
60237340
60237340
60237340
60237340
60237340
60237340
60237340
60237340
60237340
60237340
60237340
60237340
60237340
60237340
60237340
60237340
60237340
60237340
60237340
60237340
60237340
60237340
60237340
60237340
60237340
60237340
60237340
60237340
60237340
60237340
60237340
60237340
60237340
60237340
60237340
60237340
60237340
60237340
60237340
60237340
60237340
60237340
60237340
60237340
60237340
60237340
60237340
60237340
60237340
60237340
60237340
60237340
60237340
60237340
60237340
60237340
60237340
60237340
60237340
60237340
60237340
60237340
60237340
60237340
60237340
60237340
60237340
60237340
60237340
60237340
60237340
60237340
60237340
60237340
60237340
60237340
60237340
60237340
60237340
60237340
60237340
60237340
60237340
60237340
60237340
60237340
60237340
60237340
60237340
60237340
60237340
60237340
60237340
60237340
60237340
60237340
60237340
60237340
60237340
60237340
60237340
60237340
60237340
60237340
60237340
60237340
60237340
60237340
60237340
60237340
60237340
60237340
60237340
60237340
60237340
60237340
60237340
60237340
60237340
60237340
60237340
60237340
60237340
60237340
60237340
60237340
60237340
60237340
60237340
60237340
60237340
60237340
60237340
60237340
60237340
60237340
60237340
60237340
60237340
60237340
60237340
60237340
60237340
60237340
60237340
60237340
60237340
60237340
60237340
60237340
60237340
60237340
60237340
60237340
60237340
60237340
60237340
60237340
60237340
60237340
60237340
60237340
60237340
60237340
60237340
60237340
60237340
60237340
60237340
60237340
60237340
60237340
60237340
60237340
60237340
60237340
60237340
60237340
60237340
60237340
60237340
60237340
60237340
60237340
60237340
60237340
60237340
60237340
60237340
60237340
60237340
60237340
60237340
60237340
60237340
60237340
60237340
60237340
60237340
60237340
60237340
60237340
60237340
60237340
60237340
60237340
60237340
60237340
60237340
60237340
60237340
60237340
60237340
60237340
60237340
60237340
60237340
60237340
60237340
60237340
60237340
60237340
60237340
60237340
60237340
60237340
60237340
60237340
60237340
60237340
60237340
60237340
60237340
60237340
60237340
60237340
60237340
60237340
60237340
60237340
60237340
60237340
60237340
60237340
