2090499
2078334
2083143
2087884
2076499
2097610
2090754
2101728
2097100
2107074
2098624
2108754
2096586
2112828
2115012
2110187
2108444
2112487
2100887
2101415
2118356
2121668
2125628
2118403
2129028
2131190
2134754
2124421
2136594
2120929
2133944
2139026
2139071
2132898
2123575
2142991
2132786
2134341
2134893
2145829
2149349
2130915
2142904
2144264
2155327
2138733
2145899
2147915
2145309
2157213
2155784
2163609
2167897
2158647
2165456
2165196
2170597
2173265
2163204
2162175
2173311
2178921
2168140
2171903
2182801
2178780
2172876
2182801
2176791
2179768
2175180
2171127
2188377
2180592
2182568
2172335
2170327
2183368
2170112
2194311
2198823
2185053
2200727
2198974
2186321
2206042
2212904
2200891
2217710
2218122
2212997
2206721
2214368
2220806
2214364
2226854
2224009
2230074
2216920
2234034
2239186
2245228
2243268
2240031
2245170
2244890
2247806
2252278
2247453
2252498
2258812
2246936
2263186
2265466
2256790
2262341
2264037
2269837
2271181
2277421
2272019
2278305
2271476
2281953
2272583
2288063
2292221
2284596
2295625
2285925
2291855
2293015
2291511
2297583
2282618
2301657
2308257
2305028
2313063
2316759
2322079
2313803
2322359
2315917
2316237
2307042
2327863
2330455
2335447
2326704
2321874
2338351
2332623
2339831
2340271
2343791
2343915
2348595
2351663
2334914
2352223
2343645
2352991
2358391
2362507
2363011
2352947
2355657
2367611
2372075
2373325
2373279
2363738
2374775
2372195
2365622
2379815
2385947
2379444
2381634
2384787
2390817
2379391
2377948
2388877
2396095
2395199
2396095
2394432
2381500
2384302
2397712
2402612
2385495
2394485
2409272
2413628
2397978
2416158
2416242
2418552
2422668
2416499
2428440
2426978
2433654
2420276
2431476
2433528
2437768
2433923
2437808
2441684
2446804
2439468
2452612
2449651
2453236
2457468
2457108
2463916
2467266
2473146
2469450
2461688
2470926
2466721
2470394
2471232
2456938
2464073
2470018
2475626
2468335
2475126
2480254
2487054
2481125
2479341
2492238
2489837
2485897
2488369
2492280
2487479
2495876
2495524
2492324
2484309
2499224
2503298
2498393
2501005
2503382
2487537
2509238
2498826
2513888
2504710
2514350
2516282
2522810
2523690
2515941
2523774
2528966
2535800
2521278
2526811
2539020
2525675
2542976
2544560
2547420
2536094
2543714
2534650
2534831
2545740
2553132
2542507
2545436
2553404
2556216
2546891
2559648
2562251
2549242
2556377
2561931
2552151
2558393
2567691
2567369
2571969
2563127
2565804
2564465
2556632
2575507
2559374
2569122
2579161
2579049
2576028
2577689
2577689
2574609
2584301
2584301
2589547
2589317
2579320
2576915
2578227
2594525
2593573
2600347
2600199
2587154
2602435
2606887
2600373
2599709
2593989
2598901
2595090
2606243
2597286
2602119
2613845
2613845
2607880
2613977
2599861
2610615
2609473
2614079
2598139
2619119
2608589
2618129
2619007
2619157
2618837
2622717
2625341
2621884
2630503
2637163
2631027
2629062
2632338
2636591
2644231
2629570
2644519
2639586
2643679
2644043
2641883
2649719
2649719
2650717
2655577
2640500
2660737
2645400
2666109
2665427
2655979
2648779
2646700
2658064
2655360
2655971
2658788
2655800
2667877
2661726
2659698
2667799
2665135
2653794
2673343
2673433
2661108
2673391
2673341
2674141
2671268
2657141
2679913
2679319
2668268
2678433
2679551
2677703
2674315
2673652
2679671
2670025
2677361
2678919
2678919
2679963
2673638
2684823
2684703
2684223
2684619
2684297
2683073
2668488
2689449
2688829
2686609
2680388
2694851
2681071
2698157
2704583
2691757
2702495
2706655
2696485
2706735
2711293
2702972
2711653
2702796
2711653
2712673
2704733
2704590
2708244
2712193
2699648
2698160
2704269
2710213
2710753
2695629
2717233
2717193
2716313
2707639
2714433
2706628
2716253
2718231
2715987
2722027
2710406
2718859
2727175
2723666
2727959
2719935
2713674
2723314
2727959
2733237
2740405
2739481
2739729
2739607
2741245
2739205
2739837
2747313
2747433
2735096
2747653
2748903
2748903
2747339
2752983
2754383
2741823
2758799
2749335
2757395
2757675
2748145
2757715
2757349
2754263
2751734
2744706
2752881
2757757
2749613
2757699
2764083
2759902
2770035
2761058
2755334
2760898
2772051
2770838
2761006
2758571
2772019
2777409
2772632
2771695
2775623
2769333
2780469
2766500
2780259
2779739
2770134
2778031
2774300
2776207
2785147
2776051
2790347
2792785
2786049
2792827
2791195
2784362
2792959
2785037
2792283
2791479
2791573
2797227
2787352
2797017
2789767
2792587
2803677
2803971
2797896
2805807
2805807
2809199
2809991
2805766
2801181
2808846
2800557
2809141
2809721
2809361
2817067
2805915
2817147
2818803
2802959
2801873
2818187
2818249
2801914
2805017
2809231
2818915
2808813
2820399
2814948
2819811
2818929
2815562
2820287
2804197
2803614
2818023
2826639
2815118
2823114
2825079
2826639
2825883
2816302
2826289
2824913
2816855
2832999
2836305
2821880
2824780
2822175
2841165
2835060
2841117
2838125
2840717
2825481
2834348
2840627
2836237
2826930
2845959
2845287
2840526
2845202
2838298
2845879
2845879
2834418
2845925
2845927
2842339
2829726
2835978
2842847
2843887
2837567
2849551
2849191
2840425
2849811
2852755
2859715
2860463
2860823
2857006
2861145
2859265
2861145
2860329
2860617
2860737
2860887
2863712
2863704
2853344
2863712
2857125
2866160
2866094
2854353
2863394
2865798
2855269
2866154
2856539
2865860
2872024
2872068
2863106
2872012
2872998
2877556
2877512
2877406
2863166
2877538
2877538
2877232
2877568
2876512
2877484
2877076
2877076
2877268
2883316
2879547
2882812
2887726
2880726
2888750
2887406
2885852
2875980
2887826
2887892
2892446
2892438
2896292
2898730
2887655
2887328
2898562
2898670
2894445
2900470
2894646
2891261
2906866
2900490
2903502
2893950
2892840
2904226
2906746
2904666
2906872
2896011
2906872
2894848
2906008
2904798
2903623
2906550
2887340
2913370
2913416
2913346
2911370
2913426
2899721
2919922
2919196
2912298
2910039
2909727
2919418
2919924
2920904
2912034
2920504
2913518
2920788
2919452
2910641
2919014
2917903
2904820
2920316
2911266
2907384
2904271
2920896
2927088
2925568
2926968
2924963
2921532
2927400
2919079
2927400
2915515
2928460
2925396
2912954
2928466
2918769
2934166
2934206
2919364
2927186
2924591
2933225
2933165
2931933
2933297
2933285
2922300
2933025
2933197
2933157
2918947
2933157
2918732
2932585
2930989
2932377
2922944
2927528
2932397
2938427
2937437
2938473
2935572
2940773
2940763
2940723
2940673
2940223
2940413
2940453
2930414
2939461
2939533
2931109
2931342
2939519
2939559
2929567
2939651
2941331
2941289
2935669
2929023
2940965
2931646
2941121
2940509
2931346
2933123
2929056
2940693
2933396
2938693
2945229
2939144
2946027
2934217
2946147
2945907
2945931
2946719
2943539
2940717
2946679
2941831
2938755
2942515
2946737
2942542
2945249
2945909
2940412
2943247
2946409
2946199
2939283
2946661
2946509
2946301
2935707
2946313
2946497
2953033
2952873
2951433
2946108
2952953
2952117
2947177
2951473
2935080
2952633
2946037
2947728
2950953
2953053
2943393
2952971
2952929
2952065
2939204
2953825
2953745
2946284
2954353
2954177
2951684
2944912
2952929
2952973
2952925
2942483
2953053
2956837
2949777
2947211
2949444
2954989
2947860
2956489
2946206
2955741
2956737
2962267
2962235
2962603
2948313
2961595
2953315
2954298
2962339
2948313
2961217
2960125
2950121
2962339
2957962
2962323
2967823
2969331
2962995
2969371
2967399
2968215
2967747
2968215
2949578
2962046
2962509
2959427
2968551
2970535
2969937
2970589
2962125
2957684
2961675
2968531
2969791
2969729
2970733
2966743
2965108
2970131
2954292
2969369
2970019
2967924
2970717
2963261
2964336
2970461
2969941
2970661
2977349
2977309
2969313
2976389
2966704
2966136
2964819
2974292
2968253
2977603
2971478
2971907
2977855
2970171
2977879
2977837
2967312
2971407
2977867
2977843
2977843
2961643
2978207
2977747
2968523
2978207
2979199
2979259
2985659
2985527
2985485
2978223
2974066
2983863
2974386
2981171
2985527
2985527
2974340
2975403
2967475
2985519
2984942
2984487
2990639
2981706
2990599
2990383
2973299
2990599
2988835
2980299
2990599
2989423
2990545
2990795
2991367
2989453
2997639
2988759
2992347
2993543
2997639
2981506
2997459
2979218
2997219
2980063
2997443
2986716
2997283
2997227
2997715
2998699
2996813
2998159
2998657
2998571
2998281
2991680
2998291
2992779
2998631
2998001
2998177
2992848
2998397
2998317
2997467
2998107
2996891
2994503
2987594
2992292
2988630
2997939
2998023
2987039
2999299
2999603
2999643
2999673
2989896
2998413
2991681
2998937
2986076
2998541
2990939
2988740
2997659
2998653
2981540
3004737
3002621
2989311
2993900
2990396
3004947
3004947
3004911
3010959
3010823
2997189
3010867
3010767
3004835
2999686
3010987
3010987
3012211
2996721
3012607
3011157
3012607
3011887
3013055
3013007
3007874
3013367
3013183
3013183
3012739
3011881
3012203
3012859
3013223
3003376
3011549
3012873
3013383
3012063
3000725
3013377
3004398
3013445
3013025
3005240
3003857
3012805
3008041
2994189
3005869
3012377
3012797
3012195
3011389
3008617
3005001
3003688
3011349
3000875
3011229
3006158
3010833
3011231
3006788
3003743
3016501
3015451
3001568
3016581
3016305
3018043
3017935
3017279
3017937
3017953
3010124
3017953
3009097
3016061
3017961
3004856
3017947
3006057
3016655
3013241
3022387
3010370
3011412
3021901
3023843
3020838
3029691
3029675
3029687
3016462
3029687
3019557
3018852
3030387
3018121
3030387
3030321
3030531
3030603
3015206
3015278
3021029
3029823
3030631
3030631
3030283
3020104
3028171
3030265
3034753
3024808
3035215
3033871
3029992
3034423
3035485
3023904
3020297
3022201
3035693
3035693
3035629
3025086
3035745
3035575
3036024
3026295
3036068
3035300
3026225
3037094
3036964
3036744
3032387
3029410
3036764
3036560
3036212
3035900
3030058
3030163
3035808
3035500
3035540
3025370
3029344
3036452
3035756
3034412
3036144
3030620
3036138
3020993
3026241
3017873
3023485
3035126
3036130
3036400
3036524
3033820
3027258
3036524
3030970
3032784
3026656
3036540
3025684
3026235
3026700
3026540
3033365
3036540
3037196
3029427
3037226
3028969
3036932
3037174
3019605
3034906
3027044
3037266
3030394
3036994
3036642
3037306
3031945
3036456
3037326
3027319
3037270
3036948
3036426
3025039
3030150
3036798
3035166
3037080
3036770
3023880
3034392
3036818
3024160
3036878
3035734
3027969
3018810
3023988
3019753
3037222
3026782
3037262
3035754
3036684
3037586
3037322
3037282
3033686
3037246
3030286
3037228
3027671
3037108
3036276
3043256
3042152
3035215
3043260
3035888
3033176
3042916
3042916
3041858
3026451
3035032
3049676
3049632
3048960
3049636
3041800
3045712
3037680
3034050
3048348
3050392
3050296
3049376
3050208
3050300
3042200
3050076
3050804
3050528
3050648
3041048
3046631
3050036
3042740
3033903
3048912
3046934
3050644
3042808
3050314
3050494
3051294
3051756
3051100
3051700
3043303
3051652
3050980
3051790
3052286
3052110
3052546
3041846
3040496
3052132
3052654
3053704
3053792
3054140
3053894
3060392
3058676
3059748
3060512
3060458
3059400
3060418
3051519
3050489
3053192
3060418
3060040
3052088
3060418
3060336
3044407
3054340
3044491
3060244
3060336
3060248
3059439
3050535
3057794
3061296
3061272
3060536
3060536
3059808
3058522
3060536
3062096
3061472
3057762
3061872
3061964
3061352
3061958
3061888
3056322
3061888
3053445
3060922
3061360
3061300
3049835
3059636
3042087
3046238
3043068
3060634
3045867
3061006
3061832
3061748
3062280
3061468
3062672
3063760
3064930
3064846
3060645
3064946
3066124
3054802
3065032
3066124
3059128
3064066
3065326
3065530
3066432
3064332
3066600
3066616
3066576
3056311
3054782
3073176
3073220
3058935
3073220
3072576
3073216
3072958
3079152
3076516
3079158
3077188
3078836
3078762
3079296
3079296
3079296
3062071
3072646
3071308
3073278
3067804
3070460
3079096
3074399
3067771
3078328
3075806
3070551
3072530
3075249
3079336
3079180
3079138
3071726
3077818
3068303
3079154
3071654
3069570
3068794
3068202
3064845
3065557
3079568
3067063
3079468
3063818
3079468
3073515
3078928
3079428
3079516
3072104
3079420
3079420
3079420
3072067
3078914
3080152
3080152
3080188
3080188
3073182
3067955
3071764
3062679
3079348
3077620
3066072
3080398
3072354
3079654
3080398
3072562
3080398
3074002
3079248
3080648
3068183
3074963
3080648
3075352
3073430
3080274
3080624
3067174
3080096
3079452
3071119
3080204
3073707
3079610
3079508
3080192
3079652
3075999
3071938
3080066
3079454
3075814
3073149
3079430
3079958
3066141
3080042
3080926
3072225
3080646
3080926
3080668
3080658
3079940
3080628
3079308
3078224
3079546
3070762
3080832
3072028
3080832
3080824
3079992
3080256
3068243
3060847
3080640
3081706
3081702
3081742
3080858
3080862
3073802
3082264
3082232
3069550
3071675
3067839
3081956
3071791
3064640
3081436
3082130
3082004
3081988
3080476
3081988
3080658
3080388
3082034
3082034
3082034
3074392
3075046
3081894
3082196
3066610
3078700
3081062
3075490
3082196
3082532
3080560
3077988
3069154
3077539
3066603
3082548
3082836
3082514
3082514
3082472
3074134
3082412
3075396
3069767
3082412
3073899
3082398
3081408
3073234
3082414
3068284
3076658
3074506
3082718
3082786
3082050
3082570
3083002
3074102
3074212
3083434
3082954
3082329
3082818
3082330
3081138
3075141
3081314
3083434
3069465
3080698
3083524
3083074
3083328
3083328
3082344
3074367
3082626
3075866
3078522
3066392
3075931
3073113
3083326
3083336
3073198
3083158
3067171
3073297
3082454
3071708
3072416
3081014
3077031
3080632
3079615
3083376
3082824
3082536
3081288
3083386
3083666
3071109
3082156
3075688
3082518
3082838
3082478
3083186
3083776
3083776
3082636
3083776
3083296
3083230
3083344
3072824
3088440
3087560
3088440
3088056
3078323
3078494
3085831
3077559
3088650
3079418
3088592
3086538
3088650
3079031
3080970
3083462
3082145
3088606
3072573
3088622
3088702
3087194
3087833
3088990
3072426
3088374
3095090
3095090
3094530
3093774
3086017
3089769
3083357
3088262
3093828
3093590
3076590
3086050
3093542
3092968
3091186
3093538
3091961
3093346
3093550
3092440
3093510
3084686
3093470
3091446
3076836
3093320
3093526
3091962
3085389
3093540
3093460
3082819
3093280
3093400
3083815
3085371
3093610
3080792
3087920
3093106
3093722
3092912
3092482
3093722
3083362
3093866
3077824
3089164
3087543
3093066
3093866
3084457
3093850
3078008
3093600
3078646
3092250
3093600
3093600
3093960
3093144
3093894
3083165
3093498
3085541
3093850
3093808
3093808
3093640
3080678
3093764
3084739
3093764
3093540
3087328
3093372
3093324
3094364
3079816
3094456
3094272
3093776
3085484
3086815
3094312
3085372
3092392
3094310
3095432
3092374
3086397
3095432
3095432
3086959
3087937
3094406
3094558
3102294
3086717
3102150
3102406
3102038
3099832
3098437
3088626
3102706
3093968
3102706
3102898
3102618
3102818
3102818
3102202
3092826
3102202
3090538
3100926
3102202
3102202
3094869
3102160
3100760
3102080
3102102
3093866
3100676
3092166
3102126
3095822
3102086
3100194
3097301
3103438
3094753
3102844
3100194
3085275
3105308
3105056
3105056
3105056
3105056
3104972
3102572
3104522
3104930
3104894
3105176
3096190
3105276
3096712
3105368
3096675
3105552
3105456
3105408
3105368
3105416
3105496
3104796
3099871
3101032
3106278
3106078
3106554
3106462
3099165
3095814
3096793
3094952
3097545
3106466
3106098
3105356
3105058
3105692
3105178
3106570
3106624
3106300
3092076
3105224
3098628
3098768
3106384
3094467
3097060
3106604
3105988
3090916
3092967
3097784
3106104
3100679
3105936
3105964
3098444
3106422
3106098
3105798
3106506
3101911
3097377
3104394
3090536
3106562
3096322
3106298
3106514
3106514
3094593
3106554
3106830
3106836
3106814
3111494
3111088
3104898
3102069
3092278
3111320
3105410
3111884
3111948
3112416
3109804
3112372
3112194
3112538
3112536
3112452
3112566
3101089
3112566
3101421
3112416
3111086
3108100
3106980
3101491
3102486
3109338
3105015
3112704
3112842
3103289
3111162
3112786
3112786
3112786
3109008
3111974
3112786
3112800
3112800
3113100
3097412
3113100
3094451
3105846
3113064
3112848
3102151
3112996
3113092
3113046
3112096
3097358
3112396
3102445
3112726
3113038
3112694
3112814
3111946
3104679
3112958
3106921
3112954
3113062
3098852
3103164
3112226
3103457
3105141
3105012
3103280
3112576
3103966
3113062
3111814
3113054
3113274
3105097
3112560
3111146
3113154
3112794
3113202
3113086
3112604
3111574
3103485
3110435
3113058
3113058
3113258
3113852
3101647
3109443
3103937
3113900
3106723
3114194
3114194
3104978
3108089
3114402
3114258
3111810
3114444
3114444
3100799
3114092
3114420
3114220
3105184
3097067
3114220
3112702
3114180
3115584
3114744
3116184
3106236
3106895
3109467
3101819
3116138
3118076
3118028
3116636
3117538
3117330
3107485
3116970
3116706
3117242
3118182
3105173
3118292
3116556
3118402
3106485
3116082
3116626
3118304
3107531
3118312
3108738
3117640
3117064
3118312
3102939
3118272
3107757
3116536
3118380
3118324
3115328
3118354
3112038
3124750
3124372
3111881
3116118
3114141
3117795
3113045
3124796
3114767
3122960
3124796
3123326
3114911
3124754
3125094
3125220
3126220
3126022
3122835
3126220
3125760
3119481
3126154
3124904
3125514
3124394
3126200
3126206
3121067
3126206
3121717
3126206
3126362
3126726
3125846
3117126
3126132
3126390
3126826
3126850
3126850
3113976
3117858
3127080
3124760
3127126
3126244
3120621
3116537
3119289
3125966
3132226
3132550
3132750
3119558
3132694
3132694
3132694
3132286
3125569
3132684
3133102
3132902
3133168
3133168
3125598
3133168
3133260
3133316
3127923
3133234
3133226
3133226
3121409
3131042
3119862
3132914
3129037
3127351
3139040
3121296
3138540
3138884
3138240
3138640
3138746
3138640
3138830
3145844
3144614
3145924
3145780
3145588
3152364
3145776
3157240
3154911
3157240
3157210
3156940
3157240
3155800
3146680
3150166
3149441
3155608
3143587
3156610
3157412
3157404
3157020
3153452
3156962
3156206
3156962
3156686
3156202
3156826
3156872
3156860
3156948
3156948
3150377
3157086
3157046
3156296
3156470
3149163
3156298
3156640
3157030
3156898
3155426
3156914
3156914
3156914
3156914
3156914
3156266
3156714
3146987
3146089
3141070
3155170
3156482
3155754
3156498
3151325
3150281
3145340
3156646
3155932
3155626
3156526
3148378
3156640
3155964
3151918
3157648
3157630
3149670
3158326
3158346
3158442
3156786
3157650
3147791
3150137
3158346
3145165
3153248
3154250
3157896
3158392
3148776
3148861
3157656
3157524
3157738
3157738
3156910
3157528
3157802
3148642
3142725
3150946
3158474
3158474
3141880
3159926
3151885
3158960
3150011
3149731
3159986
3152128
3159818
3159858
3159162
3159078
3159828
3152906
3150515
3158532
3159744
3159620
3152719
3158070
3159570
3159570
3148845
3149649
3158370
3157638
3147013
3159570
3153873
3159570
3159562
3159506
3159508
3159462
3159532
3153448
3159052
3159444
3158848
3152643
3159522
3159246
3159506
3150907
3159014
3159506
3159548
3159540
3159488
3152843
3159512
3159512
3159512
3159092
3160612
3156912
3160612
3160672
3160672
3160912
3150892
3141308
3159624
3160762
3143277
3160962
3160002
3161002
3160702
3160730
3146770
3150803
3149408
3151322
3160150
3160128
3159938
3159918
3144237
3149088
3147033
3151817
3160946
3161036
3150379
3154551
3147487
3159408
3152499
3160992
3159438
3150981
3161076
3147851
3161028
3150092
3162538
3163290
3158001
3147440
3157441
3163284
3163266
3163258
3163042
3153366
3162938
3157090
3163522
3162022
3159569
3163384
3154114
3160912
3163522
3155534
3157438
3163516
3153420
3163786
3159612
3163984
3163616
3163880
3156532
3147599
3158100
3163966
3161181
3163606
3164414
3165038
3164972
3157447
3163680
3163816
3164672
3165000
3165088
3149311
3163638
3164808
3157419
3165072
3162028
3164148
3155292
3157440
3164152
3164940
3164896
3159911
3164940
3164894
3153979
3164894
3155702
3154317
3155381
3155051
3163778
3164454
3164850
3152350
3164802
3164844
3156056
3163640
3165144
3155120
3165004
3164668
3165166
3162034
3165046
3165166
3165142
3152012
3164746
3165022
3163462
3158265
3163344
3164540
3150692
3165130
3155062
3165002
3164680
3165154
3152609
3162676
3165364
3165364
3165322
3165032
3156257
3165334
3151172
3165174
3165358
3165256
3160391
3165256
3155636
3165046
3165164
3163656
3164038
3164872
3165004
3165204
3164924
3158123
3160835
3163146
3164834
3157184
3165666
3165666
3165330
3148441
3165416
3155659
3165666
3146840
3159737
3165666
3158605
3165330
3164830
3165546
3155925
3165666
3164982
3159110
3165342
3159179
3165610
3161275
3156808
3165530
3155743
3156290
3165002
3161041
3159169
3164730
3165530
3165278
3166730
3162683
3155527
3148829
3149050
3156598
3164700
3156290
3166730
3163104
3166726
3166804
3166692
3161160
3166804
3166588
3165958
3165738
3166578
3166578
3164369
3166494
3148814
3165990
3165654
3156395
3165252
3165726
3165748
3163098
3165748
3150162
3165688
3160844
3165528
3155483
3154291
3165796
3154154
3163825
3164596
3159575
3164500
3161368
3165526
3163996
3149826
3165772
3166076
3165668
3165614
3165750
3154889
3149388
3165762
3152830
3156686
3165138
3165870
3164286
3166284
3164884
3165404
3166284
3165456
3155520
3163903
3173116
3170524
3171368
3172786
3170954
3169395
3171400
3169171
3162543
3173114
3157974
3172378
3171926
3169913
3172844
3172274
3163498
3160944
3173160
3170956
3163317
3173154
3159872
3172904
3168400
3171878
3163145
3166110
3170946
3155233
3172998
3166830
3173292
3158327
3171738
3172900
3172772
3173082
3165098
3167786
3170168
3162147
3173304
3163764
3160299
3173254
3158494
3162163
3164995
3172416
3168009
3166284
3173358
3156797
3173278
3172846
3172480
3172596
3172468
3173482
3173422
3173772
3173816
3174014
3174014
3174110
3173580
3173282
3169021
3173942
3164586
3165394
3172382
3163321
3173950
3164553
3175370
3173564
3175214
3175222
3174348
3168509
3174928
3173626
3161766
3173176
3175222
3156205
3175222
3175222
3174790
3166017
3165291
3175022
3165489
3166436
3158277
3174728
3174678
3174838
3167745
3162980
3174038
3174816
3174564
3174912
3165693
3173152
3174912
3174800
3180648
3180284
3180748
3180790
3178090
3170896
3169750
3180244
3180790
3173642
3180782
3176002
3173005
3180736
3180778
3180858
3175410
3180858
3180330
3180806
3166041
3170992
3180914
3180918
3166861
3169554
3171619
3180714
3180540
3180598
3168949
3165193
3180638
3164238
3179934
3180764
3172781
3180368
3178844
3171217
3180770
3180766
3171492
3180628
3181228
3180412
3162983
3163146
3181238
3181034
3181230
3179022
3174911
3181286
3181726
3163674
3180010
3181966
3182104
3181480
3182144
3166367
3179220
3180560
3181316
3180254
3172301
3176768
3174323
3181748
3182160
3181500
3182164
3172863
3182168
3179192
3167143
3169927
3182110
3182040
3182220
3181284
3163975
3186840
3186564
3179759
3186896
3186816
3186834
3170449
3186762
3186798
3172316
3179334
3186042
3177974
3186918
3184212
3187266
3186426
3176247
3186786
3187426
3187468
3186548
3187468
3173448
3187116
3173183
3185910
3184844
3187510
3183366
3177825
3187510
3177954
3186894
3187390
3187470
3178360
3171950
3179645
3173873
3187202
3173660
3187060
3181059
3186586
3172325
3175150
3187234
3187510
3186990
3187508
3185948
3178119
3179531