2090499
2092891
2099287
2106359
2102434
2108206
2090681
2094835
2100547
2102987
2106983
2098483
2102631
2088934
2077809
2084031
2078077
2071832
2064659
2068439
2072003
2068291
2072017
2077957
2071088
2076302
2061780
2045011
2047871
2038255
2043403
2037345
2023904
2012374
2018800
2024344
2015651
2020803
2016383
2005133
2010154
2016314
2013953
2001757
2006221
1994492
1996868
2001428
1990575
1994103
1997581
2002043
1997593
1997223
1999823
2004573
2004573
2002456
2006550
2010816
2013392
2010672
2015820
2021388
2021454
2027440
2016747
2021467
2023387
2027545
2017124
2015895
2015745
2019195
2008561
2007595
2010263
1996815
1982390
1974100
1974848
1979732
1973164
1971270
1965691
1970007
1974147
1961017
1961017
1952188
1964417
1964509
1970763
1955863
1976979
1966323
1981053
1976969
1970869
1975469
1967049
1969432
1963059
1953782
1957606
1947542
1946582
1947198
1938949
1944409
1943009
1931759
1937895
1941695
1942655
1931874
1926533
1918424
1921928
1917475
1920201
1914641
1909431
1907931
1907391
1912791
1907491
1908149
1897216
1885616
1889936
1895736
1890410
1878865
1875168
1864998
1855476
1861062
1865638
1854653
1856837
1860621
1862441
1864163
1854152
1845795
1846899
1833705
1851435
1855915
1852813
1840476
1840602
1826054
1826421
1830373
1825692
1830858
1814101
1822950
1806316
1808152
1796305
1807522
1798797
1789675
1778982
1779626
1779626
1769941
1761180
1762680
1762704
1750646
1743778
1737303
1727501
1713901
1702400
1706018
1709802
1709982
1703930
1701244
1700011
1705195
1696743
1695207
1682627
1677654
1679328
1681528
1662119
1662295
1663483
1655799
1639955
1640843
1636418
1630026
1624285
1614736
1614654
1609981
1612893
1602893
1602387
1597862
1590257
1592633
1580728
1569470
1563082
1567222
1568759
1570839
1567194
1572498
1577178
1583338
1581290
1586050
1587016
1592422
1595284
1596096
1595222
1587318
1580393
1565183
1584441
1584649
1575144
1580390
1581334
1573329
1569128
1560118
1571676
1568812
1568292
1557055
1560753
1562403
1553441
1545938
1545920
1536931
1530811
1516119
1515159
1512962
1516160
1517104
1515661
1517685
1516396
1504487
1502243
1502463
1503519
1501939
1492470
1492472
1493208
1488200
1487888
1490888
1482079
1484323
1483955
1477219
1474466
1473062
1472488
1478680
1484842
1479192
1481852
1474555
1474805
1467700
1463646
1461982
1465502
1453132
1468582
1462813
1462485
1466775
1467153
1467503
1467763
1474375
1456703
1456611
1460967
1460645
1446252
1438604
1429594
1437316
1432986
1425663
1431193
1427505
1427409
1427483
1425978
1425224
1415019
1417455
1417547
1416673
1408220
1410041
1411445
1410580
1413024
1412512
1413520
1415312
1419406
1424950
1424734
1429058
1422561
1422561
1413762
1413874
1413958
1408690
1412470
1411796
1402564
1389114
1393674
1382056
1373742
1358053
1367501
1360726
1361206
1363110
1364342
1366652
1359627
1346105
1348425
1347729
1329629
1329629
1324294
1323864
1324444
1323324
1322531
1318931
1323715
1323715
1321690
1322800
1323214
1312425
1309833
1310175
1312065
1308224
1307340
1307720
1310366
1310901
1308140
1311506
1293454
1290700
1290714
1290996
1291620
1290286
1290622
1290742
1290742
1281887
1274278
1274236
1274196
1274298
1256397
1253691
1254035
1248591
1248279
1242636
1242676
1240408
1237956
1237956
1237916
1230926
1230656
1226716
1225000
1228978
1229008
1229584
1229620
1229536
1230316
1228642
1222302
1208509
1208773
1202160
1206472
1206438
1195603
1196659
1196435
1189771
1174737
1174317
1175419
1164963
1165083
1171323
1171743
1171743
1162837
1155024
1148099
1148835
1141538
1140992
1146338
1142840
1142676
1142802
1132245
1132357
1132287
1132335
1124410
1123787
1124039
1111038
1111438
1111900
1104044
1104854
1104260
1104306
1105732
1105732
1105572
1104622
1104293
1104317
1101792
1105317
1105567
1105607
1105497
1097657
1097027
1098466
1098466
1090209
1089057
1089103
1088687
1086245
1086869
1085184
1085772
1083615
1083875
1071995
1071911
1072215
1073365
1077523
1077579
1076491
1076479
1063069
1076635
1071451
1052243
1052249
1052073
1052241
1051981
1051561
1051449
1049057
1049111
1050991
1050549
1050765
1052811
1053275
1044626
1027401
1027121
1027009
1027001
1026949
1027215
1027335
1028479
1028447
1027919
1024975
1024975
1019386
1019394
1019688
1021800
1021860
1021860
1022616
1022662
1023766
1012609
1010405
1007765
1007387
1006979
1006519
1005805
1005805
1005737
1005837
1005837
1005837
1005492
1005642
1003574
1003406
1003388
1005224
1004488
1003388
1003986
1005642
1005576
1005590
1005646
1005672
1005672
1003800
1003662
1001868
1001668
1001812
1001836
1001956
1002418
1002010
993337
1000834
1000774
1000806
999904
999568
1000304
1000226
1000426
1000430
984940
984988
970506
971334
970866
972738
973466
975598
975598
975584
975536
975368
967057
967057
966309
965969
967697
967367
967367
967461
967599
967815
967827
967701
968877
968627
958826
956894
956892
957232
957270
959790
959592
959604
960744
960764
960254
960278
958172
958972
958902
958890
958274
958244
961076
961124
961154
960542
960882
960502
960542
960694
960628
960552
960528
960522
960874
960926
953206
945036
945036
945058
945020
944812
944674
944674
944692
943460
943124
943174
943486
943498
943442
943450
943432
943428
943428
943386
938537
938561
938603
938495
938523
939639
940467
940495
940633
940495
940913
940033
940033
940031
939985
940821
940821
940245
940313
938717
939069
939063
939223
939235
934099
933799
933799
933799
938223
938227
938147
938227
940165
939915
939747
939747
939517
939471
939251
939183
939103
939123
938997
938997
938997
939045
939041
939001
939103
940623
941307
941293