2090499
2078334
2083143
2087884
2076499
2097610
2090754
2101728
2097100
2107074
2098624
2108754
2096586
2112828
2115012
2110187
2108444
2112487
2100887
2101415
2118356
2121668
2125628
2118403
2129028
2131190
2134754
2124421
2136594
2120929
2133944
2139026
2139071
2132898
2123575
2142991
2132786
2134341
2134893
2145829
2149349
2130915
2142904
2144264
2155327
2138733
2145899
2147915
2145309
2157213
2155784
2163609
2167897
2158647
2165456
2165196
2170597
2173265
2163204
2162175
2173311
2178921
2168140
2171903
2182801
2178780
2172876
2182801
2176791
2179768
2175180
2171127
2188377
2180592
2182568
2172335
2170327
2183368
2170112
2194311
2198823
2185053
2200727
2198974
2204159
2210319
2213903
2200654
2202951
2203773
2217903
2220179
2210054
2219594
2215486
2223690
2229102
2233962
2237912
2228902
2240696
2244792
2235646
2247736
2246733
2251124
2242253
2253374
2247034
2242089
2247030
2236812
2258878
2259098
2262632
2267990
2260212
2258812
2268070
2264092
2267990
2272082
2259978
2256393
2275862
2275478
2274366
2268892
2273022
2266988
2275478
2274112
2280462
2287392
2289628
2289816
2287384
2292504
2297834
2287798
2299754
2306074
2297693
2311786
2313866
2311811
2314710
2309329
2302897
2317022
2306250
2320702
2308821
2316197
2323140
2327452
2332652
2337244
2327624
2321684
2332562
2341430
2341292
2330724
2345510
2350154
2355786
2359286
2365334
2366174
2362117
2355358
2360162
2360790
2366438
2360449
2363045
2358849
2366013
2372374
2361780
2372558
2370308
2377508
2363394
2371107
2381028
2379312
2375111
2384976
2373072
2375895
2376956
2370454
2368040
2382952
2374303
2388432
2388032
2379799
2385256
2386742
2378655
2379684
2373166
2380375
2390616
2393136
2392885
2383891
2382311
2386694
2375806
2387020
2398588
2401556
2392044
2406596
2410546
2404421
2412112
2415610
2421842
2404120
2418341
2417216
2425376
2419054
2432344
2435612
2421876
2431708
2439880
2445880
2442918
2435883
2443584
2446232
2451188
2451422
2441018
2446420
2457992
2444416
2464224
2463902
2462168
2463660
2450062
2447294
2453933
2456075
2468536
2475252
2456239
2475912
2469467
2474792
2469711
2482072
2476559
2467067
2472443
2474673
2472984
2470327
2467230
2482936
2478376
2486200
2487166
2482666
2487166
2486494
2481802
2493738
2481845
2498038
2504570
2497574
2502045
2492565
2494874
2509094
2509798
2501693
2508358
2514386
2513389
2508536
2513978
2504261
2513066
2514649
2507288
2519749
2520409
2523657
2515532
2516885
2525705
2530125
2532445
2527568
2532221
2521460
2515147
2534324
2534974
2526184
2538334
2538795
2544915
2543039
2547151
2534471
2531694
2537026
2550863
2556643
2542799
2559087
2556725
2558967
2549619
2557587
2549807
2544082
2561510
2565470
2563348
2569082
2566046
2562269
2568362
2573702
2572734
2561965
2569528
2567902
2577980
2569826
2577580
2578220
2577506
2571898
2578260
2572399
2572315
2580860
2580860
2585820
2588394
2593074
2592898
2581733
2575201
2593874
2596774
2590329
2596694
2602610
2603852
2603892
2603532
2596547
2586019
2601354
2593843
2603672
2604288
2602956
2597151
2606388
2603139
2603938
2613104
2601736
2603419
2613314
2600769
2617094
2606693
2615438
2623682
2627972
2634930
2634930
2629880
2633754
2634762
2629800
2625985
2616685
2634786
2624333
2634976
2621835
2633920
2625798
2631745
2631543
2628702
2624656
2625980
2626956
2627855
2635068
2631738
2635236
2634436
2633196
2633827
2635190
2617325
2625754
2634596
2623713
2625997
2633192
2638414
2622689
2637774
2640850
2630352
2640961
2643601
2641489
2634761
2637968
2647345
2647805
2652205
2651917
2645379
2652205
2649631
2651837
2655859
2646522
2645835
2660287
2646890
2646077
2660406
2666628
2669664
2669720
2669544
2669460
2670500
2670548
2670640
2671760
2671920
2678240
2670184
2678516
2667072
2675802
2666239
2676906
2676916
2678636
2669611
2676040
2668776
2668353
2680264
2665076
2681668
2681188
2666175
2681602
2681902
2684152
2683992
2673476
2666627
2676069
2683063
2688614
2692414
2686706
2691658
2675297
2692352
2692352
2691806
2691560
2683071
2692102
2696990
2698556
2690364
2691799
2703588
2698175
2686258
2689348
2702348
2704938
2699161
2686498
2704968
2694068
2700687
2704968
2694330
2704704
2704506
2701986
2704088
2710584
2709088
2696191
2703641
2710448
2716092
2707292
2709819
2715416
2711503
2713410
2720980
2711571
2720836
2716691
2709335
2724506
2706438
2724694
2722934
2725292
2725448
2723535
2725492
2719507
2725844
2725804
2717479
2712064
2727816
2726346
2716976
2717910
2722191
2723798
2713796
2727508
2711126
2724666
2720352
2717791
2728488
2725676
2728488
2732028
2721588
2730075
2723039
2724146
2717546
2723228
2731788
2739178
2737658
2719769
2739178
2739882
2744964
2744244
2736305
2747574
2744441
2747624
2747740
2751898
2751858
2740337
2751582
2745733
2753448
2742043
2743142
2753896
2743971
2740704
2742251
2758486
2757352
2759737
2744660
2748596
2744927
2759337
2759517
2758395
2748092
2760013
2753073
2766397
2763377
2766397
2766105
2757672
2750537
2766305
2766187
2764057
2766565
2766519
2771075
2769535
2771035
2771075
2761206
2760476
2771453
2760964
2765565
2771541
2770485
2763344
2772003
2774451
2774313
2777013
2777245
2780941
2779513
2772072
2787105
2789009
2785576
2786194
2777447
2777520
2786798
2784011
2788229
2788029
2778967
2787655
2787371
2776807
2792201
2781480
2791931
2783505
2789121
2792551
2790983
2784503
2792347
2792511
2797893
2797137
2798253
2797909
2798029
2787764
2796303
2798169
2797617
2799925
2782609
2783883
2794805
2798165
2805511
2805295
2788181
2807095
2807501
2814201
2808940
2813327
2813459
2804360
2814301
2808521
2815291
2815811
2808291
2806819
2801106
2813786
2800666
2815771
2815581
2815535
2819771
2812695
2819127
2819839
2816589
2817595
2805101
2816082