2090499
2078334
2083143
2087884
2076499
2097610
2090754
2101728
2097100
2107074
2098624
2108754
2096586
2112828
2115012
2110187
2108444
2112487
2100887
2101415
2118356
2121668
2125628
2118403
2129028
2131190
2134754
2124421
2136594
2120929
2133944
2139026
2139071
2132898
2123575
2142991
2132786
2134341
2134893
2145829
2149349
2130915
2142904
2144264
2155327
2138733
2145899
2147915
2145309
2157213
2155784
2163609
2167897
2158647
2165456
2165196
2170597
2173265
2163204
2162175
2173311
2178921
2168140
2171903
2182801
2178780
2172876
2182801
2176791
2179768
2175180
2171127
2188377
2180592
2182568
2172335
2170327
2183368
2170112
2194311
2198823
2185053
2200727
2198974
2204159
2210319
2213903
2200654
2202951
2203773
2217903
2220179
2210054
2219594
2215486
2223690
2229102
2233962
2237912
2228902
2240696
2244792
2235646
2247736
2246733
2251124
2242253
2253374
2247034
2242089
2247030
2236812
2258878
2259098
2262632
2267990
2260212
2258812
2268070
2264092
2267990
2272082
2259978
2256393
2275862
2275478
2274366
2268892
2273022
2266988
2275478
2274112
2280462
2287392
2289628
2289816
2287384
2292504
2297834
2287798
2299754
2306074
2297693
2311786
2313866
2311811
2314710
2309329
2302897
2317022
2306250
2320702
2308821
2316197
2323140
2327452
2332652
2337244
2327624
2321684
2332562
2341430
2341292
2330724
2345510
2350154
2355786
2359286
2365334
2366174
2362117
2355358
2360162
2360790
2366438
2360449
2363045
2358849
2366013
2372374
2361780
2372558
2370308
2377508
2363394
2371107
2381028
2379312
2375111
2384976
2373072
2375895
2376956
2370454
2368040
2382952
2374303
2388432
2388032
2379799
2385256
2386742
2378655
2379684
2373166
2380375
2390616
2393136
2392885
2383891
2382311
2386694
2375806
2387020
2398588
2401556
2392044
2406596
2410546
2404421
2412112
2415610
2421842
2404120
2418341
2417216
2425376
2419054
2432344
2435612
2421876
2431708
2439880
2445880
2442918
2435883
2443584
2446232
2451188
2451422
2441018
2446420
2457992
2444416
2464224
2463902
2462168
2463660
2450062
2447294
2453933
2456075
2468536
2475252
2456239
2475912
2469467
2474792
2469711
2482072
2476559
2467067
2472443
2474673
2472984
2470327
2467230
2482936
2478376
2486200
2487166
2482666
2487166
2486494
2481802
2493738
2481845
2498038
2504570
2497574
2502045
2492565
2494874
2509094
2509798
2501693
2508358
2514386
2513389
2508536
2513978
2504261
2513066
2514649
2507288
2519749
2520409
2523657
2515532
2516885
2525705
2530125
2532445
2527568
2532221
2521460
2515147
2534324
2534974
2526184
2538334
2538795
2544915
2543039
2547151
2534471
2531694
2537026
2550863
2556643
2542799
2559087
2556725
2558967
2549619
2557587
2549807
2544082
2561510
2565470
2563348
2569082
2566046
2562269
2568362
2573702
2572734
2561965
2569528
2567902
2577980
2569826
2577580
2578220
2577506
2571898
2578260
2572399
2572315
2580860
2580860
2585820
2588394
2593074
2592898
2581733
2575201
2593874
2596774
2590329
2596694
2602610
2603852
2603892
2603532
2596547
2586019
2601354
2593843
2603672
2604288
2602956
2597151
2606388
2603139
2603938
2613104
2601736
2603419
2613314
2600769
2617094
2606693
2615438
2623682
2627972
2634930
2634930
2629880
2633754
2634762
2629800
2625985
2616685
2634786
2624333
2634976
2621835
2633920
2625798
2631745
2631543
2628702
2624656
2625980
2626956
2627855
2635068
2631738
2635236
2634436
2633196
2633827
2635190
2635152
2632259
2639064
2627351
2641548
2626360
2642252
2641438
2647352
2643540
2636491
2637987
2640127
2648686
2648750
2642821
2655094
2655474
2659740
2648307
2659820
2650811
2660464
2650880
2653211
2648939
2660508
2650313
2647690
2661960
2668824
2653547
2668916
2670076
2653835
2659476
2652354
2674860
2678782
2671692
2679564
2679824
2667624
2677119
2677712
2684626
2676735
2689648
2679243
2690286
2683469
2688558
2690370
2696090
2700536
2702496
2695971
2702496
2692895
2691327
2702760
2707648
2707296
2703794
2702814
2693855
2707448
2707648
2707648
2702716
2709438
2708734
2701762
2713854
2703493
2705921
2719110
2718606
2717822
2719524
2725012
2720912
2723494
2723130
2712003
2725000
2714655
2724958
2728528
2714103
2728328
2728378
2725049
2726748
2716883
2727890
2733148
2734006
2738218
2728947
2738200
2738218
2729785
2744518
2744518
2733038
2744518
2739122
2735251
2748774
2740025
2746530
2753514
2753650
2752840
2740013
2751466
2753482
2760262
2764042
2764042
2753762
2769864
2769324
2761278
2770410
2776360
2774436
2776316
2772436
2775390
2769304
2780782
2787850
2793226
2793754
2785616
2793544
2795266
2796382
2787036
2796670
2802088
2786822
2789892
2790086
2802574
2802574
2802582
2795154
2797097
2794702
2792098
2801742
2793572
2792725
2788556
2801358
2801156
2786852
2809292
2809100
2812724
2800568
2812064
2805555
2803600
2802438
2811908
2810324
2807148
2816996
2807824
2808544
2817056
2804419
2817026
2808099
2816616
2817236
2811667
2807191
2818064
2816712
2814374
2819408
2803523
2805403
2819320
2819716
2805011
2817124
2819716
2821270
2818374
2820406
2821178
2811741
2821900
2827510
2827598
2827546
2827598
2820734
2826590
2811213
2833820
2825668
2836592
2840832
2832331
2840792
2834818
2839056
2845244
2828487
2845416
2843555
2835199
2845094
2836219
2846696
2836096
2846344
2847020
2839208
2834047
2847086
2835220
2846246
2840001
2835423
2847358
2846742
2847194
2836507
2842041
2846170
2847398
2847638
2847638
2838345
2842538
2849150
2855390
2855448
2855196
2847222
2855798
2854522
2859438
2856584
2859412
2849619
2859092
2858060
2858354
2845323
2844378
2859412
2857954
2850572
2859292
2853504
2859044
2848460
2865944
2851206
2865100
2867578
2866850
2848169
2857190
2868274
2864252
2874934
2875446
2875446
2881606
2881710
2881889
2881883
2872311
2870079
2875435
2881691